2025-04-04 12:25:54.973440 - Received CBT.V508.FILE601.PDS from FILE601.XMI 
2025-04-04 12:25:54.975395 - Found $$$#DATE.txt (text/plain) in CBT.V508.FILE601.PDS, moved to PDS/$$$#DATE
2025-04-04 12:25:54.975576 - Found $GPDOC.txt (text/plain) in CBT.V508.FILE601.PDS, moved to PDS/$GPDOC
2025-04-04 12:25:54.975717 - Found $JQT.txt (text/plain) in CBT.V508.FILE601.PDS, moved to PDS/$JQT
2025-04-04 12:25:54.975843 - Found $PDSLOAD.jcl (text/plain) in CBT.V508.FILE601.PDS, moved to PDS/$PDSLOAD
2025-04-04 12:25:54.975974 - Found $RENAME.txt (text/plain) in CBT.V508.FILE601.PDS, moved to PDS/$RENAME
2025-04-04 12:25:54.976120 - Found $RNBDOC.txt (text/plain) in CBT.V508.FILE601.PDS, moved to PDS/$RNBDOC
2025-04-04 12:25:54.976246 - Found $SP.txt (text/plain) in CBT.V508.FILE601.PDS, moved to PDS/$SP
2025-04-04 12:25:54.976361 - Found @FILE601.txt (text/plain) in CBT.V508.FILE601.PDS, moved to PDS/@FILE601
2025-04-04 12:25:54.976516 - Found ACTIVE.txt (text/plain) in CBT.V508.FILE601.PDS, moved to PDS/ACTIVE
2025-04-04 12:25:54.976669 - Found ALLOCATE.txt (text/plain) in CBT.V508.FILE601.PDS, moved to PDS/ALLOCATE
2025-04-04 12:25:54.976798 - Found BLD3270.txt (text/plain) in CBT.V508.FILE601.PDS, moved to PDS/BLD3270
2025-04-04 12:25:54.976913 - Found C.jcl (text/plain) in CBT.V508.FILE601.PDS, moved to PDS/C
2025-04-04 12:25:54.977053 - Found CB3270.txt (text/plain) in CBT.V508.FILE601.PDS, moved to PDS/CB3270
2025-04-04 12:25:54.977168 - Found CHCT.txt (text/plain) in CBT.V508.FILE601.PDS, moved to PDS/CHCT
2025-04-04 12:25:54.977285 - Found CJCT.txt (text/plain) in CBT.V508.FILE601.PDS, moved to PDS/CJCT
2025-04-04 12:25:54.977432 - Found CJOE.txt (text/plain) in CBT.V508.FILE601.PDS, moved to PDS/CJOE
2025-04-04 12:25:54.977553 - Found CJOESP.txt (text/plain) in CBT.V508.FILE601.PDS, moved to PDS/CJOESP
2025-04-04 12:25:54.977670 - Found CJQE.txt (text/plain) in CBT.V508.FILE601.PDS, moved to PDS/CJQE
2025-04-04 12:25:54.977792 - Found CKPT.txt (text/plain) in CBT.V508.FILE601.PDS, moved to PDS/CKPT
2025-04-04 12:25:54.977913 - Found COMPILE.jcl (text/plain) in CBT.V508.FILE601.PDS, moved to PDS/COMPILE
2025-04-04 12:25:54.978054 - Found CPDDB.txt (text/plain) in CBT.V508.FILE601.PDS, moved to PDS/CPDDB
2025-04-04 12:25:54.978208 - Found CSAVE.txt (text/plain) in CBT.V508.FILE601.PDS, moved to PDS/CSAVE
2025-04-04 12:25:54.978337 - Found CSPIN.txt (text/plain) in CBT.V508.FILE601.PDS, moved to PDS/CSPIN
2025-04-04 12:25:54.978478 - Found CTSO.txt (text/plain) in CBT.V508.FILE601.PDS, moved to PDS/CTSO
2025-04-04 12:25:54.978628 - Found DDNAME.txt (text/plain) in CBT.V508.FILE601.PDS, moved to PDS/DDNAME
2025-04-04 12:25:54.978761 - Found DISPLAY.txt (text/plain) in CBT.V508.FILE601.PDS, moved to PDS/DISPLAY
2025-04-04 12:25:54.978919 - Found FILE53.txt (text/plain) in CBT.V508.FILE601.PDS, moved to PDS/FILE53
2025-04-04 12:25:54.979065 - Found FINDJOB.txt (text/plain) in CBT.V508.FILE601.PDS, moved to PDS/FINDJOB
2025-04-04 12:25:54.979207 - Found FINDPDDB.txt (text/plain) in CBT.V508.FILE601.PDS, moved to PDS/FINDPDDB
2025-04-04 12:25:54.979323 - Found FORMAT.txt (text/plain) in CBT.V508.FILE601.PDS, moved to PDS/FORMAT
2025-04-04 12:25:54.979450 - Found GTTERM.txt (text/plain) in CBT.V508.FILE601.PDS, moved to PDS/GTTERM
2025-04-04 12:25:54.979594 - Found HELP.txt (text/plain) in CBT.V508.FILE601.PDS, moved to PDS/HELP
2025-04-04 12:25:54.979727 - Found HEXBLK.txt (text/plain) in CBT.V508.FILE601.PDS, moved to PDS/HEXBLK
2025-04-04 12:25:54.979851 - Found HEXDUMP.txt (text/plain) in CBT.V508.FILE601.PDS, moved to PDS/HEXDUMP
2025-04-04 12:25:54.979976 - Found INIT.txt (text/plain) in CBT.V508.FILE601.PDS, moved to PDS/INIT
2025-04-04 12:25:54.980134 - Found INITS.txt (text/plain) in CBT.V508.FILE601.PDS, moved to PDS/INITS
2025-04-04 12:25:54.980267 - Found JCL.txt (text/plain) in CBT.V508.FILE601.PDS, moved to PDS/JCL
2025-04-04 12:25:54.980452 - Found JLOG.txt (text/plain) in CBT.V508.FILE601.PDS, moved to PDS/JLOG
2025-04-04 12:25:54.980721 - Found JMSG.txt (text/plain) in CBT.V508.FILE601.PDS, moved to PDS/JMSG
2025-04-04 12:25:54.980898 - Found LIST.txt (text/plain) in CBT.V508.FILE601.PDS, moved to PDS/LIST
2025-04-04 12:25:54.981062 - Found LISTDS.txt (text/plain) in CBT.V508.FILE601.PDS, moved to PDS/LISTDS
2025-04-04 12:25:54.981202 - Found NEXT.txt (text/plain) in CBT.V508.FILE601.PDS, moved to PDS/NEXT
2025-04-04 12:25:54.981340 - Found PARSE.txt (text/plain) in CBT.V508.FILE601.PDS, moved to PDS/PARSE
2025-04-04 12:25:54.981479 - Found PRINT.txt (text/plain) in CBT.V508.FILE601.PDS, moved to PDS/PRINT
2025-04-04 12:25:54.981602 - Found QCOMMON.txt (text/plain) in CBT.V508.FILE601.PDS, moved to PDS/QCOMMON
2025-04-04 12:25:54.981716 - Found QHEAD.txt (text/plain) in CBT.V508.FILE601.PDS, moved to PDS/QHEAD
2025-04-04 12:25:54.981836 - Found QPRBGEN.txt (text/plain) in CBT.V508.FILE601.PDS, moved to PDS/QPRBGEN
2025-04-04 12:25:54.981982 - Found QSTART.txt (text/plain) in CBT.V508.FILE601.PDS, moved to PDS/QSTART
2025-04-04 12:25:54.982097 - Found QSTOP.txt (text/plain) in CBT.V508.FILE601.PDS, moved to PDS/QSTOP
2025-04-04 12:25:54.982207 - Found QTILT.txt (text/plain) in CBT.V508.FILE601.PDS, moved to PDS/QTILT
2025-04-04 12:25:54.982334 - Found QUEUE.txt (text/plain) in CBT.V508.FILE601.PDS, moved to PDS/QUEUE
2025-04-04 12:25:54.982463 - Found QUEUECMN.txt (text/plain) in CBT.V508.FILE601.PDS, moved to PDS/QUEUECMN
2025-04-04 12:25:54.982602 - Found READSPC.txt (text/plain) in CBT.V508.FILE601.PDS, moved to PDS/READSPC
2025-04-04 12:25:54.982731 - Found RELINK.jcl (text/plain) in CBT.V508.FILE601.PDS, moved to PDS/RELINK
2025-04-04 12:25:54.982845 - Found REPOS.txt (text/plain) in CBT.V508.FILE601.PDS, moved to PDS/REPOS
2025-04-04 12:25:54.982975 - Found SEARCH.txt (text/plain) in CBT.V508.FILE601.PDS, moved to PDS/SEARCH
2025-04-04 12:25:54.983117 - Found SYSLOG.txt (text/plain) in CBT.V508.FILE601.PDS, moved to PDS/SYSLOG
2025-04-04 12:25:54.983231 - Found SYSOUT.txt (text/plain) in CBT.V508.FILE601.PDS, moved to PDS/SYSOUT
2025-04-04 12:25:54.983339 - Found TABLE.txt (text/plain) in CBT.V508.FILE601.PDS, moved to PDS/TABLE
2025-04-04 12:25:54.983462 - Found TSOHELP.txt (text/plain) in CBT.V508.FILE601.PDS, moved to PDS/TSOHELP
2025-04-04 12:25:54.983589 - Found XDS.txt (text/plain) in CBT.V508.FILE601.PDS, moved to PDS/XDS
